		
8	150918	
111	18071	
96	21939	
929	120	
310	4705	
1030	15	
162	11456	
456	2038	
616	846	
869	202	
379	3225	
174	10367	
354	3503	
1012	33	
137	14724	
907	147	
977	69	
102	20091	
463	1953	
1017	28	
983	63	
1039	6	
1039	6	
957	90	
1043	2	
828	264	
928	121	
1043	2	
1044	1	
976	70	
832	256	
1028	17	
1043	2	
58	31282	
613	864	
151	12970	
698	523	
246	6753	
374	3310	
556	1182	
1041	4	
33	58386	
951	96	
1017	28	
1041	4	
816	287	
1014	31	
1010	35	
36	56945	
735	437	
944	104	
1033	12	
1036	9	
1036	9	
196	8640	
1043	2	
306	4862	
273	5889	
666	615	
351	3580	
1043	2	
155	12551	
773	368	
757	399	
1043	2	
581	1002	
75	25932	
1044	1	
747	416	
84	23653	
1044	1	
1044	1	
1043	2	
1034	11	
7	152862	
461	1968	
448	2105	
491	1594	
402	2712	
1041	4	
1042	3	
1028	17	
655	681	
643	724	
313	4581	
99	21307	
1014	31	
44	43685	
827	265	
94	21976	
837	248	
1039	6	
1044	1	
317	4499	
971	75	
660	657	
1011	34	
526	1348	
1044	1	
1035	10	
1044	1	

752	409	
356	3471	
1025	20	
1044	1	
1037	8	